0.001
1.019
1.011
1.02
1.008
1.005
1.006
1.008
1.005
1.004
1.006
1.004
1.008
1.004
1.006
1.01
1.001
1.001
1.003
1.006
1.001
1.003
1.005
1.003
1.008
1.004
1.007
1.015
1.002
1.004
1.025
1.005
1.002
1.002
1.002
1.007
1.016
1.016
1.019
1.032
1.024
1.042
1.019
1.019
1.023
1.027
1.033
1.052
1.054
1.044
1.131
1.205
4.236
1.225
1.242
1.192
1.245
1.241
1.319
1.307
1.388
1.452
1.366
1.396
1.457
1.359
2.469
2.39
6.981
2.37
2.483
7.058
1.666
2.24
2.06
1.99
2.03
1.771
2.085
1.955
2.195
1.859
3.088
2.981
3.014
2.207
1.769
3.17
2.495
1.933
1.81
1.897
1.705
34.509
21.356
2.466
1.971
2.369
3.542
3.686
3.606
4.431
7.138
6.834
5.783
6.183
8.426
4.83
9.815
9.712
9.937
8.859
12.611
9.768
21.4
24.919
15.706
10.735
11.267
14.446
16.159
18.634
17.383
15.449
18.259
17.876
22.547
20.497
32.137
38.904
53.861
50.369
57.207
42.618
64.143
55.484
60.575
52.566
56.281
46.574
53.87
56.88
55.316
50.55
50.199
49.113
43.543
48.025
43.771
46.269
43.99
45.727
43.137
40.445
38.787
40.498
41.11
40.872
37.713
38.072
33.772
37.557
41.963
45.386
44.268
42.082
46.719
58.314
45.148
42.855
46.938
38.558
45.409
41.586
44.136
50.886
59.136
52.287
54.117
74.785
111.449
188.792
204.444
186.175
212.827
293.77
198.379
184.089
148.893
176.881
204.888
201.084
217.699
210.194
224.718
249.623
217.801
227.176
230.569
214.471
182.105
191.293
196.08
218.503
206.577
221.11
146.459
196.374
190.534
251.75
209.88
212.605
261.817
328.253
284.443
242.413
284.666
381.488
333.468
322.731
341.218
382.104
300.676
345.842
363.814
372.065
358.705
226.252
271.478
334.256
350.213
372.786
340.907
349.092
304.746
343.963
373.736
386.22
331.645
315.123
269.838
283.15
238.03
298.923
271.335
218.113
196.337
243.221
212.959
243.477
253.829
281.114
231.816
337.23
311.721
332.292
245.364
320.026
242.114
323.276
283.761
277.398
278.423
282.136
226.337
266.574
270.488
266.203
222.466
355.347
334.3
451.768
471.493
430.759
364.852
344.15
341.337
333.77
299.928
332.541
300.432
312.37
339.735
365.836
320.45
399.77
383.916
368.755
397.347
447.343
418.406
414.929
396.528
395.297
350.216
383.209
350.614
361.2
405.485
389.627
412.627
403.109
360.096
411.537
375.409
390.437
360.724
352.292
328.63
396.763
402.808
392.587
393.619
410.57
413.659
422.02
445.997
404.705
416.234
404.44
451.33
436.303
404.525
482.941
493.835
508.373
498.253
522.553
541.213
553.763
581.921
584.696
565.124
650.076
586.081
667.579
568.903
479.773
551.407
706.827
694.918
670.334
570.651
586.999
674.169
648.371
655.915
679.61
676.967
685.108
632.896
722.513
764.333
739.502
747.124
737.774
731.751
663.551
718.717
819.373
727.446
776.908
843.544
779.483
892.369
1263.303
914.289
775.317
880.241
824.527
754.69
741.391
783.751
777.833
843.18
1163.794
918.561
827.081
909.568
891.468
962.607
957.432
1079.554
1106.344
942.995
970.685
1013.518
1108.738
1206.097
1268.854
1399.857
1045.061
1057.903
1099.784
1334.657
1287.792
1312.486
1217.186
1284.61
1312.811
1615.36
1669.516
1289.513
1239.604
1365.644
1192.035
1366.524
1406.395
1402.074
1456.504
1565.542
1379.604
1550.873
1450.264
1520.412
1516.084
1499.046
1630.389
1584.6
1423.936
1404.844
1429.357
1517.701
1668.527
1426.728
1534.637
1563.279
1507.363
1486.838
1485.299
1355.51
1478.437
1421.304
1593.064
1666.936
1642.632
1620.609
1650.428
1776.727
1588.726
1827.267
1901.641
1849.253
1820.03
1811.034
1940.032
1773.832
1852.272
1848.936
1666.1
1661.927
1742.511
1915.106
1905.547
1987.995
1939.445
2080.631
1945.941
1902.298
1868.573
1806.173
1806.66
1826.885
1902.352
1993.482
2045.657
2082.075
2026.757
2155.5
2024.83
1776.63
1846.3
1818.703
1767.414
1590.08
1536.919
1504.384
1532.662
1439.458
