0.0
0.0
0.0
0.0
0.0
0.0
0.0
0.0
0.0
0.0
0.0
0.0
0.0
0.0
0.0
0.0
0.0
0.0
0.0
0.0
0.0
0.0
0.0
0.0
0.0
0.0
0.0
0.0
0.0
0.0
0.0
0.0
0.0
0.0
0.0
0.0
0.0
0.0
0.0
0.0
0.0
0.0
0.0
0.0
0.0
0.0
0.0
0.0
0.0
0.0
0.0
0.0
0.0
0.0
0.0
0.0
0.0
0.0
0.0
0.0
0.0
0.0
0.0
0.0
0.0
0.0
0.0
0.0
0.0
0.0
0.0
0.0
0.0
0.0
0.0
0.0
0.0
0.0
0.0
0.0
0.0
0.0
0.0
0.0
0.0
0.0
0.0
0.0
0.0
0.0
0.0
0.0
0.0
0.0
0.0
0.0
0.0
0.0
0.0
0.0
0.0
0.0
0.0
0.0
0.0
0.0
0.0
0.0
0.0
0.0
0.0
0.0
0.0
0.0
0.0
0.0
0.0
0.0
0.0
0.0
0.0
0.0
0.0
0.0
0.0
0.0
0.0
0.0
0.0
0.0
0.0
0.0
0.0
0.0
0.0
0.0
0.0
0.0
0.0
0.0
0.0
0.0
0.0
0.0
0.0
0.0
0.0
0.0
0.0
0.0
0.0
0.0
0.0
0.0
0.0
0.0
0.0
0.0
0.0
0.0
0.0
0.0
0.0
0.0
0.0
0.0
0.0
0.0
0.0
0.0
0.0
0.0
0.0
0.0
0.0
0.0
0.0
0.0
0.0
0.0
0.0
0.0
0.0
0.0
0.0
0.0
0.0
0.0
0.0
0.0
0.0
0.0
0.0
0.0
0.0
0.0
0.0
0.0
0.0
0.002
0.001
0.0
0.0
0.0
0.0
0.0
0.0
0.0
0.002
0.0
0.0
0.0
0.0
0.0
0.0
0.0
0.007
0.029
0.005
0.008
0.004
0.001
0.0
0.0
0.03
0.036
0.0
0.0
0.004
0.005
0.013
0.205
0.218
0.214
2.428
0.239
0.137
0.193
0.239
0.197
0.063
0.006
0.003
0.001
0.007
0.003
0.014
0.001
0.004
0.003
0.002
0.002
0.004
0.001
0.002
0.032
0.008
0.003
0.003
0.002
0.001
0.003
0.005
0.004
0.002
0.005
0.009
0.009
0.011
0.007
0.008
0.007
0.004
0.003
0.004
0.0
0.005
0.005
0.006
0.003
0.002
0.005
0.004
0.006
0.003
0.011
0.004
0.026
0.529
0.004
0.01
0.014
0.005
0.011
0.001
0.007
0.002
0.001
0.001
0.0
0.002
0.003
0.005
0.0
0.006
0.001
0.001
0.001
0.002
0.009
0.003
0.007
0.002
0.003
0.002
0.002
0.0
0.0
0.003
0.0
0.046
0.049
0.002
0.025
0.052
0.107
0.06
0.063
0.052
0.039
0.01
0.023
0.006
0.012
0.01
0.013
4.434
0.365
1.259
1.332
2.751
2.768
5.015
2.478
15.714
14.13
10.373
9.311
8.887
4.985
5.276
5.611
31.101
5.816
5.139
4.737
4.533
7.017
7.946
6.498
4.208
5.292
5.551
5.083
5.575
9.799
17.611
29.162
30.608
33.106
34.548
36.478
45.921
58.695
60.874
69.642
89.131
81.811
109.078
140.136
144.554
155.897
172.467
202.598
184.06
184.325
183.905
200.923
231.474
274.701
332.286
214.326
193.894
184.929
223.812
247.915
262.989
253.747
247.338
304.318
372.359
372.718
301.745
268.096
329.374
238.694
252.843
266.311
299.633
327.322
385.822
281.966
326.096
248.767
245.297
243.134
304.823
294.243
295.43
258.199
262.98
262.261
258.028
268.91
250.345
245.769
251.514
258.333
264.286
263.298
244.118
267.622
274.361
348.779
368.223
343.767
307.238
304.467
326.747
271.628
316.415
322.4
282.604
296.85
309.914
340.275
347.295
353.757
320.311
266.918
260.222
283.355
318.052
315.039
326.053
320.815
360.006
350.77
329.176
335.851
336.183
338.088
391.188
410.875
424.188
426.198
431.056
434.443
414.785
364.887
331.316
367.87
374.367
367.109
328.796
328.44
333.706
347.857
302.407
