0.0
0.0
0.0
0.0
0.0
0.0
0.0
0.0
0.0
0.0
0.0
0.0
0.0
0.0
0.0
0.0
0.0
0.0
0.0
0.0
0.0
0.0
0.0
0.0
0.0
0.0
0.0
0.0
0.0
0.0
0.0
0.0
0.0
0.0
0.0
0.0
0.0
0.0
0.0
0.0
0.0
0.0
0.0
0.0
0.0
0.0
0.0
0.0
0.0
0.0
0.0
0.0
0.0
0.0
0.0
0.0
0.0
0.0
0.0
0.0
0.0
0.0
0.0
0.0
0.0
0.0
0.0
0.0
0.0
0.0
0.0
0.0
0.0
0.0
0.0
0.0
0.0
0.0
0.0
0.0
0.0
0.0
0.0
0.0
0.0
0.0
0.0
0.0
0.0
0.0
0.0
0.0
0.0
0.0
0.0
0.0
0.0
0.0
0.0
0.0
0.0
0.0
0.0
0.0
0.0
0.0
0.0
0.0
0.0
0.0
0.0
0.0
0.0
0.0
0.0
0.0
0.0
0.0
0.0
0.0
0.0
0.0
0.0
0.0
0.0
0.0
0.0
0.0
0.0
0.0
0.0
0.0
0.0
0.0
0.0
0.0
0.0
0.0
0.0
0.0
0.0
0.0
0.0
0.0
0.0
0.0
0.0
0.0
0.0
0.0
0.0
0.0
0.0
0.0
0.0
0.0
0.0
0.0
0.0
0.0
0.0
0.0
0.0
0.0
0.0
0.0
0.0
0.0
0.0
0.0
0.0
0.006
0.0
0.0
0.0
0.002
0.0
0.0
0.033
0.0
0.0
0.0
0.0
0.002
0.011
0.005
0.002
0.013
0.002
0.002
0.0
0.004
0.002
0.0
0.0
0.006
0.0
0.008
0.004
0.009
0.001
0.176
0.011
0.004
0.004
0.001
0.008
0.002
0.003
0.002
0.002
0.0
0.004
0.002
0.005
0.001
0.029
0.017
0.007
0.015
0.004
0.005
0.001
0.002
0.003
0.0
0.002
0.001
0.003
0.0
0.0
13.959
0.001
0.003
0.004
0.002
0.012
0.011
0.04
0.009
0.004
0.001
0.004
0.009
0.016
0.002
0.002
0.003
0.001
0.002
0.007
0.03
0.011
0.02
0.004
0.025
0.013
0.02
0.055
0.019
0.038
0.059
0.005
0.019
0.017
0.016
0.025
0.019
0.047
0.037
0.033
0.056
0.028
0.066
0.133
0.129
0.095
0.243
0.204
0.194
0.199
0.202
0.165
0.188
0.154
0.279
0.227
0.36
0.398
0.485
0.616
0.676
0.65
0.62
0.496
0.596
0.724
0.912
0.909
0.926
0.838
0.74
0.794
0.874
1.031
1.336
1.176
1.91
1.037
1.164
1.422
2.125
1.488
4.558
3.011
4.208
2.573
2.592
2.607
2.7
2.661
2.912
2.441
4.08
3.973
5.42
5.784
6.457
6.976
7.977
7.205
7.612
7.965
9.479
7.827
9.556
9.994
7.398
11.805
47.535
27.283
19.655
21.804
21.871
84.652
34.37
37.526
43.354
47.207
46.201
49.403
68.248
64.989
63.537
62.391
61.319
62.452
58.322
72.899
72.541
77.5
87.295
101.254
106.032
124.667
235.198
102.143
164.41
105.373
104.836
110.429
120.476
138.108
123.397
139.594
158.409
158.475
134.369
149.35
148.722
164.061
165.046
228.899
257.665
186.634
236.672
230.134
229.897
240.894
253.275
285.299
245.016
293.156
306.787
429.292
413.514
368.091
363.898
538.213
365.32
433.633
466.029
381.373
391.69
479.886
468.381
540.638
655.504
685.004
724.863
786.266
660.239
792.92
830.37
847.433
873.672
826.567
1026.531
994.738
873.022
882.903
911.613
1003.648
1144.571
883.959
964.607
944.824
894.631
887.575
842.411
727.211
747.302
674.598
693.871
769.283
673.303
665.864
654.944
736.273
693.036
854.72
911.774
748.256
695.819
707.578
748.607
708.844
876.167
874.127
736.591
769.405
814.969
961.179
923.782
1026.456
1003.409
1088.262
946.311
977.894
958.878
899.351
903.657
973.564
946.449
925.922
945.103
926.285
909.132
857.753
858.509
773.626
726.309
730.563
763.293
673.666
711.403
697.575
706.677
648.38
