0.0
0.104
0.136
0.254
0.255
0.239
0.168
0.192
0.203
0.241
0.237
0.199
0.193
0.217
0.261
0.212
0.221
0.207
0.297
0.321
0.291
0.429
0.404
0.255
0.339
0.512
0.529
0.589
0.582
0.588
0.616
0.655
0.645
0.705
0.652
0.656
0.729
0.709
0.794
0.795
0.787
0.793
0.759
0.734
0.73
0.734
0.737
0.745
0.723
0.721
0.774
0.832
0.759
0.764
0.74
0.82
0.874
0.881
0.87
0.89
0.889
0.897
0.872
0.829
0.874
0.863
0.759
0.714
0.767
0.793
0.828
0.76
0.727
0.75
0.804
0.791
0.792
0.767
0.791
0.778
0.8225
0.834
0.879
0.854
0.8645
0.826
0.87
0.808
0.8375
0.857
0.867
0.896
0.8685
0.912
0.903
0.901
0.909
0.932
0.9048641975308642
0.915
0.9387244897959183
0.949
0.955
0.946
0.927
0.941
0.938
0.916
0.942
0.945
0.951
0.953
0.965
0.977
0.956
0.971
0.985
0.984
0.979
0.994
0.985
0.9907708374384236
0.9918028800591729
0.9894072508634685
0.9858382161339426
0.9904240407214414
0.9859210592991366
0.9882428096928427
0.9891263626952715
0.9934670909816335
0.9954668883196928
0.9928256387534163
0.9920058658035897
0.9931104639653049
0.994819018552247
0.9953568081191421
0.9963285742957207
0.9940667363589261
0.9964409798757896
0.991293580579379
0.9923487997236861
0.9926756388203287
0.9928957756971042
0.9948637705076907
0.9960389332100562
0.9929765316705507
0.9931897321214437
0.9934462557923871
0.9967240130350711
0.996117649168854
0.9960258736108374
0.9935594491372145
0.9959574973178981
0.9935306425360834
0.9931978417865784
0.9946629310903184
0.9940600296076069
0.9970609269966747
0.9944989683402854
0.995695996043939
0.9957028977398414
0.9967643494733465
0.9931332238547491
0.9962381255055056
0.9960303031542949
0.9948909752952729
0.9901435257152688
0.9963165436821237
0.9969406092363723
0.9942947316612232
0.9924705283616242
0.9737868061964908
0.9713705526496239
0.9758524495693578
0.9695565793533549
0.9952835983109597
0.9896978406859431
0.9941125097068487
0.9907522384234577
0.9928094011703876
0.9943632638745333
0.9964326357802519
0.9935022254228828
0.9955520643441447
0.9950632098650642
0.9974498083097438
0.9976517709797935
0.9966643559374826
0.9933723066799428
0.9890072071463876
0.9902110592945411
0.9953053616816707
0.9945258697933163
0.9909011178610406
0.9920467787774486
0.9949561010066034
0.9923435590700935
0.9936690240192378
0.9925550051995612
0.9972039638864975
0.9974387240872317
0.99834538909229
0.9968916092744557
0.9970533060043556
0.996177853643057
0.996974411984796
0.9989569495012384
0.996832729082616
0.998892934229525
0.9977812838602337
0.9954729197169554
0.9903742729090806
0.9914180921970194
0.996173188865147
0.9928393230379957
0.9886982477271176
0.9905482758687337
0.9940697452859134
0.9898790332817674
0.9930525599037875
0.9939393290327254
0.9854280512586543
0.9626428167792052
0.9676894032725714
0.9632613574223011
0.9818377358294842
0.968590144673974
0.9630709772497432
0.9835718409600148
0.9940491370896134
0.9960895089848057
0.9962035285246894
0.9958692850076732
0.9946605973590416
0.9928170307913942
0.9954695205680567
0.9978152601178385
0.9973825040870061
0.9921156415372501
0.995722190170191
0.9973468684913338
0.9964307465523747
0.9956855325042119
0.9959208560264387
0.9932095605497634
0.9873822729642527
0.9924367756529041
0.9937229771100465
0.9943546334484322
0.9886959377875276
0.9915037059014526
0.9890493065044119
0.9927976659469496
0.9877530247633598
0.994198758640641
0.9881772091497456
0.9948410143367703
0.9956248741972094
0.9924655552832957
0.9921755342017344
0.9928906930283696
0.9931698644833369
0.9938090741122573
0.9929333063003067
0.9920015062937013
0.99183019368122
0.9924962659241674
0.9916264115236201
0.990601502038198
0.9882814573878331
0.9912499423427994
0.9908325190665401
0.9903079882024832
0.9865970850509298
0.9870436130555527
0.9864559469439103
0.9862266512317241
0.9870579338588589
0.9842154019095155
0.9874911286441913
0.9850632793287677
0.9873189115720847
0.9910098828641598
0.9862242606638943
0.9842709724151805
0.980638423248412
0.9823403257885902
0.9812301479128361
0.9757918545142201
0.9606657446514045
0.9383722350875227
0.9279510606380097
0.9264546728028342
0.9197521539928379
0.9172515080310972
0.927980722998825
0.916298866815481
0.9327007150126594
0.9296820374368026
0.9394186225912191
0.9526649802310079
0.9500593076792822
0.9454779296913352
0.9562121407984501
0.9550006840093683
0.9660033741797924
0.9766350282931991
0.9897623198028719
0.9897362782500774
0.9886633493118683
0.9866012575253067
0.9740512743886474
0.9742199030079638
0.9899954977413143
0.9897913947339343
0.9867936486577061
0.9804970155318993
0.9769575366422749
0.9872953470806328
0.9924211847990981
0.9897865443059937
0.9876260568245735
0.9907656369673721
0.9908974950836754
0.9910056539555053
0.990329920178109
0.9920450648635238
0.9877721134943642
0.9886112611155775
0.9898497483321974
0.9892329161474799
0.994078585022389
0.9929141178819542
0.9898230434716537
0.9946368388497312
0.9930339535011152
0.9907933507506231
0.9936789481707323
0.9939344627738219
0.9922697325387076
0.9920333744223276
0.9946681022908513
0.9547174487168061
0.9401325632818119
0.9498374386547588
0.937553358171647
0.9348066323184859
0.9320607637732438
0.9300796423048127
0.9364801564895847
0.938363635992052
0.9309709907474925
0.9370533861326931
0.9384940848498012
0.9313757534471787
0.9398777535000579
0.9440426914994692
0.9390133215906574
0.9384503171628937
0.972028674700422
0.9696551169590318
0.9770517243186929
0.9789327167190646
0.9912078067101415
0.9928010898441726
0.988313928887614
0.992485201194949
0.9912010172775588
0.9902489784929958
0.9901799069072091
0.9894061954793018
0.9912637378998448
0.9915030023562098
0.9904189140301851
0.9895090671719948
0.9910996701037065
0.9855182692381367
0.9862436452966441
0.989082446799713
0.9875680612779225
0.9905797166492704
0.9915456755757028
0.9896117057644381
0.9876142468924433
0.9880229296914447
0.9943262229447313
0.9911063942599886
0.9886086587974914
0.9940615100062892
0.9933103185612667
0.9826455287505288
0.9884370199106506
0.9943057862476007
0.9912740723883987
0.9885661739582096
0.9906710186806719
0.9936071818849751
0.9955220725159117
0.9985708641665622
0.9984638173511529
0.995497307603034
0.9924347076688325
0.9809175188697281
0.9830804961234153
0.9828792272823108
0.9850694017833538
0.9800111433830997
0.9905293071388147
0.9890649184149184
0.9926680934336235
0.9931071835761138
0.9917277819268111
0.9954227318045862
0.9944076923076923
0.9663060848665019
0.9908842499839101
0.9904999999999999
0.9756391832412151
0.9842805621608438
0.953686312488471
0.9648723981900452
0.9713776208121987
0.9904991833030853
0.9906033104304897
0.9790628791580691
0.9704796116504854
0.979
0.9772897920276972
0.9785
0.9845
0.9711547619047619
0.9765
0.9481602461209198
0.9667124542124542
0.9809109042553191
0.9319232383962839
0.9703120287059726
0.9490714285714283
0.9352857142857144
0.9113399778516048
0.8803427230046941
0.8652205882352935
0.8668498168498162
0.8435476190476183
0.8460610024633198
0.8929505840071876
0.9008392857142855
0.8892510585380643
0.8594047619047616
0.8579060480394459
0.9091666666666667
0.8928549783549783
0.8941929133858268
0.8901666666666667
0.8975
0.877805429240733
0.8866742424242425
0.8804669211195928
0.8713333333333333
0.8478095238095235
0.8351508874826103
0.7821957434052754
0.8177446199301638
0.8270608176869751
0.8221048539933434
0.8225412969002135
0.8477484772978956
0.7868604718483135
0.812265957446808
0.8261428571428568
0.815942477876106
0.8113333333333332
0.8145000000000001
0.7726190476190474
0.7799047619047618
0.8103333333333333
0.823970068027211
0.7013333333333336
0.4866080586080586
