0.0
0.0
0.0
0.0
0.0
0.0
0.0
0.0
0.0
0.0
0.0
0.0
0.0
0.0
0.0
0.0
0.0
0.0
0.0
0.0
0.0
0.0
0.0
0.0
0.0
0.0
0.0
0.0
0.0
0.0
0.0
0.0
0.0
0.0
0.0
0.0
0.0
0.0
0.0
0.0
0.0
0.0
0.0
0.0
0.0
0.0
0.0
0.0
0.0
0.0
0.0
0.0
0.0
0.0
0.0
0.0
0.0
0.0
0.0
0.0
0.0
0.0
0.0
0.0
0.0
0.0
0.0
0.0
0.0
0.0
0.0
0.0
0.0
0.0
0.0
0.0
0.0
0.0
0.0
0.0
0.0
0.0
0.0
0.0
0.0
0.0
0.0
0.0
0.0
0.0
0.0
0.0
0.0
0.0
0.0
0.0
0.0
0.0
0.0
0.0
0.0
0.0
0.0
0.0
0.0
0.0
0.0
0.0
0.0
0.0
0.0
0.0
0.0
0.0
0.0
0.0
0.0
0.0
0.0
0.0
0.0
0.0
0.0
0.0
0.0
0.0
0.0
0.0
0.0
0.0
0.0
0.0
0.0
0.0
0.0
0.0
0.0
0.0
0.0
0.0
0.0
0.0
0.0
0.0
0.0
0.0
0.0
0.0
0.0
0.0
0.0
0.0
0.0
0.0
0.0
0.0
0.0
0.0
0.0
0.0
0.0
0.0
0.0
0.0
0.0
0.001
0.003
0.001
0.001
0.0
0.0
0.002
0.0
0.0
0.0
0.0
0.0
0.0
0.0
0.0
0.0
0.0
0.0
0.0
0.0
0.0
0.0
0.0
0.0
0.0
0.0
0.0
0.0
0.0
0.0
0.0
0.0
0.0
0.0
0.0
0.0
0.0
0.001
0.0
0.0
0.0
0.0
0.0
0.0
0.0
0.0
0.0
0.002
0.03
0.013
0.001
0.008
0.0
0.0
0.0
0.0
0.002
0.0
0.0
0.0
0.118
0.224
0.213
0.086
0.082
0.168
16.981
0.209
0.219
0.223
0.233
0.136
0.195
0.234
0.191
0.06
0.005
0.0
0.0
0.002
0.002
0.0
0.0
0.004
0.002
0.005
0.0
0.001
0.0
0.001
0.0
0.001
0.0
0.001
0.001
0.003
0.004
0.003
0.012
0.008
0.007
0.006
0.012
0.023
0.03
0.06
0.14
0.079
0.168
0.052
0.116
0.048
0.161
0.268
0.302
0.041
0.352
0.324
0.176
0.229
0.927
1.098
1.093
0.657
0.425
0.737
0.865
1.5
0.74
0.255
2.043
1.112
3.507
5.257
1.339
2.639
1.89
1.616
1.794
1.426
2.89
2.575
2.19
1.996
2.706
4.305
2.952
5.802
6.047
6.233
6.355
9.098
5.825
5.881
6.519
8.584
6.202
8.253
5.52
5.682
8.268
5.038
5.889
5.389
5.638
4.987
5.46
5.055
10.755
5.539
4.957
4.249
2.962
7.019
4.449
4.73
5.133
4.388
4.882
6.054
5.555
6.316
5.92
5.6
9.785
5.698
10.538
6.089
4.931
4.714
5.645
5.583
4.109
5.296
6.278
5.02
6.161
4.833
4.865
4.764
1.772
5.811
5.111
4.294
5.953
3.801
3.141
3.144
3.389
4.837
3.077
2.906
3.207
4.215
2.988
4.714
4.237
4.161
3.977
6.274
8.803
2.702
3.721
18.438
2.951
2.731
3.184
4.336
3.242
3.607
2.716
1.431
2.634
3.255
2.753
2.752
1.079
3.351
2.933
1.855
1.201
1.832
2.352
1.826
1.459
1.925
1.526
1.758
0.937
3.338
2.022
1.391
0.202
0.018
0.142
0.84
0.44
0.067
0.06
0.75
0.249
0.603
0.101
0.281
0.192
0.07
0.052
0.043
0.061
0.03
0.035
0.042
0.053
0.033
0.015
0.035
0.016
0.019
0.024
0.034
0.027
0.026
0.025
0.03
0.008
0.026
0.008
0.025
0.153
0.211
0.179
0.033
0.028
0.021
0.024
0.042
0.008
0.019
0.031
0.004
0.072
0.036
0.002
0.026
0.016
0.026
0.03
0.017
0.133
0.086
0.052
0.026
0.013
0.019
