0 0 0 0 0 0 0 0 0
0 0 0 0 0 0 0 0 0
0 0 0 0 0 0 0 0 0
0 0 0 0 0 0 0 0 0
0 0 0 0 0 0 0 0 0
0 0 0 0 0 0 0 0 0
0 0 0 0 0 0 0 0 0
0 0 0 0 0 0 0 0 0
0 0 0 0 0 0 0 0 0
0 0 0 0 0 0 0 0 0
0 0 0 0 0 0 0 0 0
0 0 0 0 0 0 0 0 0
0 0 0 0 0 0 0 0 0
0 0 0 0 0 0 0 0 0
0 0 0 0 0 0 0 0 0
0 0 0 0 0 0 0 0 0
0 0 0 0 0 0 0 0 0
0 0 0 0 0 0 0 0 0
0 0 0 0 0 0 0 0 0
0 0 0 0 0 0 0 0 0
0 0 0 0 0 0 0 0 0
0 0 0 0 0 0 0 0 0
0 0 0 0 0 0 0 0 0
0 0 0 0 0 0 0 0 0
0 0 0 0 0 0 0 0 0
0 0 0 0 0 0 0 0 0
0 0 0 0 0 0 0 0 0
0 0 0 0 0 0 0 0 0
0 0 0 0 0 0 0 0 0
0 0 0 0 0 0 0 0 0
0 0 0 0 0 0 0 0 0
0 0 0 0 0 0 0 0 0
0 0 0 0 0 0 0 0 0
0 0 0 0 0 0 0 0 0
0 0 0 0 0 0 0 0 0
0 0 0 0 0 0 0 0 0
0 0 0 0 0 0 0 0 0
0 0 0 0 0 0 0 0 0
0 0 0 0 0 0 0 0 0
0 0 0 0 0 0 0 0 0
0 0 0 0 0 0 0 0 0
0 0 0 0 0 0 0 0 0
0 0 0 0 0 0 0 0 0
0 0 0 0 0 0 0 0 0
0 0 0 0 0 0 0 0 0
0 0 0 0 0 0 0 0 0
0 0 0 0 0 0 0 0 0
0 0 0 0 0 0 0 0 0
0 0 0 0 0 0 0 0 0
0 0 0 0 0 0 0 0 0
0 0 0 0 0 0 0 0 0
0 0 0 0 0 0 0 0 0
0 0 0 0 0 0 0 0 0
0 0 0 0 0 0 0 0 0
0 0 0 0 0 0 0 0 0
0 0 0 0 0 0 0 0 0
0 0 0 0 0 0 0 0 0
0 0 0 0 0 0 0 0 0
0 0 0 0 0 0 0 0 0
0 0 0 0 0 0 0 0 0
0 0 0 0 0 0 0 0 0
0 0 0 0 0 0 0 0 0
0 0 0 0 0 0 0 0 0
0 0 0 0 0 0 0 0 0
0 0 0 0 0 0 0 0 0
0 0 0 0 0 0 0 0 0
0 0 0 0 0 0 0 0 0
0 0 0 0 0 0 0 0 0
0 0 0 0 0 0 0 0 0
0 0 0 0 0 0 0 0 0
0 0 0 0 0 0 0 0 0
0 0 0 0 0 0 0 0 0
0 0 0 0 0 0 0 0 0
0 0 0 0 0 0 0 0 0
0 0 0 0 0 0 0 0 0
0 0 0 0 0 0 0 0 0
0 0 0 0 0 0 0 0 0
0 0 0 0 0 0 0 0 0
0 0 0 0 0 0 0 0 0
0 0 0 0 0 0 0 0 0
0 0 0 0 0 0 0 0 0
0 0 0 0 0 0 0 0 0
0 0 0 0 0 0 0 0 0
0 0 0 0 0 0 0 0 0
0 0 0 0 0 0 0 0 0
0 0 0 0 0 0 0 0 0
0 0 0 0 0 0 0 0 0
0 0 0 0 0 0 0 0 0
0 0 0 0 0 0 0 0 0
0 0 0 0 0 0 0 0 0
0 0 0 0 0 0 0 0 0
0 0 0 0 0 0 0 0 0
0 0 0 0 0 0 0 0 0
0 0 0 0 0 0 0 0 0
0 0 0 0 0 0 0 0 0
0 0 0 0 0 0 0 0 0
0 0 0 0 0 0 0 0 0
0 0 0 0 0 0 0 0 0
0 0 0 0 0 0 0 0 0
0 0 0 0 0 0 0 0 0
0 0 0 0 0 0 0 0 0
0 0 0 0 0 0 0 0 0
0 0 0 0 0 0 0 0 0
0 0 0 0 0 0 0 0 0
0 0 0 0 0 0 0 0 0
0 0 0 0 0 0 0 0 0
0 0 0 0 0 0 0 0 0
0 0 0 0 0 0 0 0 0
0 0 0 0 0 0 0 0 0
0 0 0 0 0 0 0 0 0
0 0 0 0 0 0 0 0 0
0 0 0 0 0 0 0 0 0
0 0 0 0 0 0 0 0 0
0 0 0 0 0 0 0 0 0
0 0 0 0 0 0 0 0 0
0 0 0 0 0 0 0 0 0
0 0 0 0 0 0 0 0 0
0 0 0 0 0 0 0 0 0
0 0 0 0 0 0 0 0 0
0 0 0 0 0 0 0 0 0
0 0 0 0 0 0 0 0 0
0 0 0 0 0 0 0 0 0
0 0 0 0 0 0 0 0 0
0 0 0 0 0 0 0 0 0
0 0 0 0 0 0 0 0 0
0 0 0 0 0 0 0 0 0
0 0 0 0 0 0 0 0 0
0 0 0 0 0 0 0 0 0
0 0 0 0 0 0 0 0 0
0 0 0 0 0 0 0 0 0
0 0 0 0 0 0 0 0 0
0 0 0 0 0 0 0 0 0
0 0 0 0 0 0 0 0 0
0 0 0 0 0 0 0 0 0
0 0 0 0 0 0 0 0 0
0 0 0 0 0 0 0 0 0
0 0 0 0 0 0 0 0 0
0 0 0 0 0 0 0 0 0
0 0 0 0 0 0 0 0 0
0 0 0 0 0 0 0 0 0
0 0 0 0 0 0 0 0 0
0 0 0 0 0 0 0 0 0
0 0 0 0 0 0 0 0 0
0 0 0 0 0 0 0 0 0
0 0 0 0 0 0 0 0 0
0 0 0 0 0 0 0 0 0
0 0 0 0 0 0 0 0 0
0 0 0 0 0 0 0 0 0
0 0 0 0 0 0 0 0 0
0 0 0 0 0 0 0 0 0
0 0 0 0 0 0 0 0 0
0 0 0 0 0 0 0 0 0
0 0 0 0 0 0 0 0 0
0 0 0 0 0 0 0 0 0
0 0 0 0 0 0 0 0 0
0 0 0 0 0 0 0 0 0
0 0 0 0 0 0 0 0 0
0 0 0 0 0 0 0 0 0
0 0 0 0 0 0 0 0 0
0 0 0 0 0 0 0 0 0
0 0 0 0 0 0 0 0 0
0 0 0 0 0 0 0 0 0
0 0 0 0 0 0 0 0 0
0 0 0 0 0 0 0 0 0
0 0 0 0 0 0 0 0 0
0 0 0 0 0 0 0 0 0
0 0 0 0 0 0 0 0 0
0 0 0 0 0 0 0 0 0
0 0 0 0 0 0 0 0 0
0 0 0 0 0 0 0 0 0
0 0 0 0 0 0 0 0 0
0 0 0 0 0 0 0 0 0
0 0 0 0 0 0 0 0 0
0 0 0 0 0 0 0 0 0
0 0 0 0 0 0 0 0 0
0 0 0 0 0 0 0 0 0
0 0 0 0 0 0 0 0 0
0 0 0 0 0 0 0 0 0
0 0 0 0 0 0 0 0 0
0 0 0 0 0 0 0 0 0
0 0 0 0 0 0 0 0 0
0 0 0 0 0 0 0 0 0
0 0 0 0 0 0 0 0 0
0 0 0 0 0 0 0 0 0
0 0 0 0 0 0 0 0 0
0 0 0 0 0 0 0 0 0
0 0 0 0 0 0 0 0 0
0 0 0 0 0 0 0 0 0
0 0 0 0 0 0 0 0 0
0 0 0 0 0 0 0 0 0
0 0 0 0 0 0 0 0 0
0 0 0 0 0 0 0 0 0
0 0 0 0 0 0 0 0 0
0 0 0 0 0 0 0 0 0
0 0 0 0 0 0 0 0 0
0 0 0 0 0 0 0 0 0
0 0 0 0 0 0 0 0 0
0 0 0 0 0 0 0 0 0
0 0 0 0 0 0 0 0 0
0 0 0 0 0 0 0 0 0
0 0 0 0 0 0 0 0 0
0 0 0 0 0 0 0 0 0
0 0 0 0 0 0 0 0 0
0 0 0 0 0 0 0 0 0
0 0 0 0 0 0 0 0 0
0 0 0 0 0 0 0 0 0
0 0 0 0 0 0 0 0 0
0 0 0 0 0 0 0 0 0
0 0 0 0 0 0 0 0 0
0 0 0 0 0 0 0 0 0
0 0 0 0 0 0 0 0 0
0 0 0 0 0 0 0 0 0
0 0 0 0 0 0 0 0 0
0 0 0 0 0 0 0 0 0
0 0 0 0 0 0 0 0 0
0 0 0 0 0 0 0 0 0
0 0 0 0 0 0 0 0 0
0 0 0 0 0 0 0 0 0
0 0 0 0 0 0 0 0 0
0 0 0 0 0 0 0 0 0
0 0 0 0 0 0 0 0 0
0 0 0 0 0 0 0 0 0
0 0 0 0 0 0 0 0 0
0 0 0 0 0 0 0 0 0
0 0 0 0 0 0 0 0 0
0 0 0 0 0 0 0 0 0
0 0 0 0 0 0 0 0 0
0 0 0 0 0 0 0 0 0
0 0 0 0 0 0 0 0 0
0 0 0 0 0 0 1 0 0
0 0 0 0 0 0 0 0 0
0 0 0 0 0 0 0 0 0
0 0 0 0 0 0 0 0 0
0 0 0 0 0 0 0 0 0
0 0 0 0 0 0 0 0 0
0 0 0 0 0 0 0 0 0
0 0 0 0 0 0 0 0 0
0 0 0 0 0 0 0 0 0
0 0 0 0 0 0 0 0 0
0 0 0 0 0 0 0 0 0
0 0 0 0 0 0 0 0 0
0 0 0 0 0 0 0 0 0
0 0 0 0 0 0 0 0 0
0 0 0 0 0 0 0 0 0
0 0 0 0 0 0 0 0 0
0 0 0 0 0 0 1 0 0
0 0 0 0 0 0 0 0 0
0 0 0 0 0 0 0 0 0
0 0 0 0 0 0 0 0 0
0 0 0 0 0 0 0 0 0
0 0 0 0 0 0 0 0 0
0 0 0 0 0 0 1 0 0
0 0 0 0 0 0 1 0 0
0 0 0 0 0 0 0 0 0
0 0 0 0 0 0 0 0 0
0 0 0 0 0 0 0 0 0
0 0 0 0 0 0 0 0 0
0 0 0 0 0 0 0 0 0
0 0 0 0 0 0 1 0 0
0 0 0 0 0 0 0 0 0
0 0 0 0 0 0 1 0 0
0 0 0 0 0 0 0 0 0
0 0 0 0 0 0 0 0 0
0 0 0 0 0 0 1 0 0
0 0 0 0 0 0 0 0 0
0 0 0 0 0 0 0 0 0
0 0 0 0 0 0 0 0 0
0 0 0 0 0 0 0 0 0
0 0 0 0 0 0 0 0 0
0 0 0 0 0 0 9 0 0
0 0 0 0 0 0 0 0 0
0 0 0 0 0 0 0 0 0
0 0 0 0 0 0 1 0 0
0 0 0 0 0 0 0 0 0
0 0 0 0 0 0 0 0 0
0 0 0 0 0 0 0 0 0
0 0 0 0 0 0 3 0 0
0 0 0 0 0 0 0 0 0
0 0 0 0 0 0 1 0 0
0 0 0 0 0 0 0 0 0
0 0 0 0 0 0 1 0 0
0 0 0 0 0 0 0 0 0
0 0 0 0 0 0 0 0 0
0 0 0 0 0 0 0 0 0
0 0 0 0 0 0 0 0 0
0 0 0 0 0 0 0 0 0
0 0 0 0 0 0 11 0 0
0 0 0 0 0 0 2 0 0
0 0 0 0 0 0 5 0 0
0 0 0 0 0 0 1 0 0
0 0 0 0 0 0 1 0 0
0 0 0 0 0 0 1 0 0
0 0 0 0 0 0 1 0 0
0 0 0 0 0 0 5 0 0
0 0 0 0 0 0 2 0 0
0 0 0 0 0 0 1 0 0
0 1 0 0 0 0 5 0 0
0 0 0 0 0 0 12 0 0
0 0 0 0 0 0 3 0 0
0 0 0 0 0 0 49 0 0
0 0 2 0 0 0 17 0 0
0 0 405 0 0 0 10 0 0
0 0 75 0 0 0 5 0 0
0 0 39 0 0 0 8 0 0
0 0 16 0 0 0 3 0 0
0 0 5 0 0 0 2 0 0
0 0 4 0 0 0 6 0 0
0 0 4 0 0 0 9 0 0
0 0 12 0 0 0 14 0 0
0 0 21 0 0 0 60 0 0
0 0 23 0 0 0 30 0 0
0 0 2 0 0 0 14 0 0
0 0 6 0 0 0 10 0 0
0 0 11 0 0 0 4 0 0
0 0 40 0 0 0 59 0 0
0 0 168 0 0 0 47 0 0
0 0 17 0 0 0 26 0 0
0 0 4 0 0 0 22 0 0
0 0 8 0 0 0 38 0 0
0 0 4 0 0 0 30 0 0
0 0 21 0 0 0 25 0 0
0 0 39 0 0 0 21 0 0
0 0 25 0 0 0 6 0 0
0 0 25 0 0 0 60 0 0
0 0 94 0 0 0 15 0 0
0 0 51 0 0 0 18 0 0
0 0 58 0 0 0 20 0 0
0 0 173 0 0 0 79 0 0
0 0 124 0 0 0 10 0 0
0 0 48 0 0 0 14 0 0
0 0 159 0 0 0 33 0 0
0 0 116 0 0 0 49 0 0
0 0 139 0 0 0 18 0 0
0 0 104 0 0 0 31 0 0
0 0 121 15 0 0 29 0 0
0 0 226 20 0 0 35 0 0
0 0 17 10 0 0 15 0 0
0 0 157 0 0 0 17 0 0
0 0 264 0 0 0 20 0 0
0 0 219 0 0 0 8 0 0
0 0 196 0 0 0 28 0 0
0 0 126 0 0 0 125 0 0
0 0 138 0 0 0 58 0 0
0 0 125 0 0 0 71 0 0
0 0 93 45 0 0 128 0 0
1 1 699 0 0 0 244 0 0
0 0 190 2 0 0 196 0 0
0 0 198 0 0 0 59 0 0
0 0 441 0 0 0 44 0 0
7 0 351 0 0 0 37 0 0
74 0 266 0 0 0 37 0 0
45 0 295 0 0 0 72 0 0
3 0 579 0 0 0 56 0 0
0 0 503 0 0 0 18 7 0
0 0 464 0 0 0 37 48 0
55 0 347 0 0 0 47 51 0
116 0 284 0 0 0 257 19 0
98 0 203 0 0 0 43 23 0
170 0 198 0 0 0 79 383 0
94 0 192 0 0 0 70 62 0
61 0 194 0 0 0 15 34 0
85 0 387 0 0 0 36 13 0
75 0 298 0 0 0 288 50 0
200 0 986 0 0 0 377 244 0
73 0 1315 0 0 0 219 136 0
96 0 1238 0 0 0 263 61 0
115 0 2438 0 1 0 187 77 0
205 0 1344 13 0 0 396 31 0
42 0 1892 8 0 0 174 40 0
37 0 726 0 0 0 70 96 0
26 0 1329 0 0 0 83 37 0
26 0 802 103 0 0 77 13 0
41 349 1082 113 0 0 579 16 0
36 517 1456 219 0 0 148 230 0
65 953 1247 7845 0 0 134 38 0
36 967 520 27940 0 0 220 59 0
94 1024 504 1454 1 0 239 58 0
77 930 1133 194 0 0 214 45 0
114 1199 515 361 0 0 818 195 0
42 1136 534 54 0 0 1186 57 0
319 1002 402 554 0 0 1269 323 0
58 971 409 857 0 0 567 95 0
588 927 449 558 0 0 395 321 0
640 969 758 244 0 0 685 86 0
100 888 133 485 1 0 618 450 0
959 922 145 28 0 0 258 472 0
12421 945 98 1089 0 0 381 40 0
2868 891 103 2040 0 0 1129 310 0
462 848 151 675 0 0 532 91 0
575 852 145 804 0 0 238 66 0
344 925 182 873 0 0 194 18 0
289 861 67 418 1 0 194 128 0
362 977 68 1967 0 0 337 29 0
240 875 81 4974 0 0 437 40 0
247 992 206 9641 0 0 345 151 0
251 895 140 1423 0 0 409 363 0
360 873 69 239 0 303 568 279 0
290 811 43 2183 0 231 497 215 0
89 648 43 16506 1 372 790 465 0
87 1078 26 3732 1 782 411 539 0
608 1038 76 1545 0 760 690 517 0
8090 1019 49 4432 0 1013 570 589 0
15701 958 84 2068 1 1002 1296 621 0
547 957 182 1476 1 756 869 642 0
579 1009 605 1615 3 531 1117 1129 0
14072 955 991 3629 0 361 604 944 0
1170 979 652 9643 1 1587 1508 658 0
534 932 975 11595 3 1055 850 660 0
1156 948 1023 2468 0 1375 890 811 0
1204 931 1058 1335 0 1519 1394 580 0
895 928 227 851 0 2611 749 718 0
651 911 694 1433 1 1213 408 637 0
528 910 1059 1618 0 762 413 787 0
150 693 1712 832 0 792 371 734 0
235 707 1577 906 2 1263 1199 586 0
144 1536 1135 453 0 1276 1518 811 0
155 1203 310 4798 0 900 729 693 0
154 944 1447 2004 0 2182 594 524 0
139 975 1343 1304 0 1573 630 655 0
134 966 1291 884 1 1062 1083 481 0
76 990 1207 1799 4 1006 1030 835 0
129 1005 1200 488 0 855 911 956 0
169 1040 1168 1485 1 870 565 737 0
116 1087 1435 669 0 731 1292 756 0
149 903 977 745 1 825 638 705 0
127 895 797 934 2 1073 868 2169 0
179 909 1880 780 0 1034 654 1072 0
121 996 2749 5406 2 975 758 1124 0
149 974 3229 5008 11 1029 969 1589 0
33 988 2347 365 0 1118 917 2207 0
58 919 1575 1126 1 445 508 1907 0
52 641 859 2364 0 767 562 2854 0
18 335 1125 1128 0 550 474 2728 0
55 338 641 2120 0 898 949 3494 0
19 333 1235 1581 0 837 557 3438 0
45 1809 1173 1789 0 613 609 5261 0
139 1028 746 1246 0 1084 691 4290 0
107 924 662 1106 38 1472 1105 3177 0
143 80 955 1813 0 761 1058 2838 0
151 920 619 1130 1 1205 889 2013 0
23 959 821 1062 2 684 1609 1956 0
46 957 1173 1018 1 652 2200 2784 0
23 952 705 1266 0 1007 1494 3234 0
50 940 1131 1069 1 902 596 4859 0
74 969 561 623 4 1851 1465 4304 0
12 978 933 1334 1 3467 1424 3785 0
14 918 852 768 3 1504 1052 2037 0
39 448 1363 2133 6 2271 1160 1928 0
36 1 2692 1908 0 2066 1697 1937 0
38 1 2831 1429 5 2434 1630 2486 0
36 0 1765 1042 0 1281 957 1901 0
24 1 1624 743 0 1510 774 3477 0
4 0 1408 712 1 1825 752 3794 0
10 0 1212 915 9 2190 1238 3977 0
11 2 917 1023 19 2770 1055 6677 0
1 2 812 859 9 1611 1272 3612 0
2 1 1179 702 2 1558 1024 3482 0
23 0 1322 1300 30 1210 1528 2653 0
29 0 1620 397 3 2139 1366 2869 0
27 0 1489 161 8 2690 1091 3255 0
12 0 1315 872 6 3100 1244 4253 0
9 1 1166 1020 8 2804 893 2964 0
10 0 1945 192 7 1554 1057 2871 0
5 0 3198 2221 4 2663 1347 3522 0
3 0 4226 580 6 1882 847 2851 0
37 0 2914 502 14 2064 1022 3010 0
20 0 2821 393 17 2906 738 2898 0
2 0 2045 626 23 1970 931 2950 0
4 0 3512 351 11 3492 880 2146 0
1 1 4203 758 17 5683 809 2867 0
1 0 2150 660 19 5752 1325 2138 0
97 0 4809 15 17 7195 1477 2862 0
9 0 3549 365 14 6511 1646 2342 0
12 0 2539 935 0 7398 1652 2927 0
9 0 1815 323 6 6581 6610 2073 0
39 19 1130 55 1 5336 6958 5595 0
50 1 1403 784 7 5731 10144 2566 0
43 2 1244 694 3 7204 11844 4443 0
28 0 730 1013 1 5288 19326 7113 0
