0.0
2788945.353
5798430.097
18965740.764
19770796.915
14996172.979
8918748.522
6473606.996
11481939.502
11542363.103
10475499.628
8897122.768
9343252.167
9763657.168
12643623.815
10719671.351
9432994.131
8868344.718
13759978.279
13470111.716
11880738.682
15187376.986
14697548.476
6666491.72
8850260.954
12377145.893
14167406.388
13290141.788
13462229.46
11761084.952
14430360.468
17188748.994
18530352.117
19724977.548
19498549.956
14993685.878
10823161.634
8918676.572
13156163.386
17004957.08
22527159.455
21788311.183
19688758.658
20176683.514
20296803.379
21509583.289
18831108.498
18814712.674
14741229.089
15828395.996
14387661.749
12212092.311
12664417.497
11107857.065
10107182.308
13324038.557
13882647.8
7846434.712
9848822.695
8787747.832
8746688.764
9245347.76
10304536.841
9719915.0
8107092.068
10544710.464
12703432.408
18602162.127
17549238.164
15435510.348
13600337.265
9201408.462
8629038.945
8899684.565
10288180.116
8240798.223
7015390.001
9210655.112
10174428.666
11774874.1
10704721.3695
11892177.754
8892360.642
10795704.8765
6272482.3845
10900441.126
7710822.652
8556139.258
9031772.0185
7211525.678
7534674.0075
6729995.912
5425365.718
6597059.99
6338391.363
4852773.449
3616788.9792608693
3403198.16
3785131.8376419754
5574799.779
4542129.734153061
6248825.212
5948168.278
6344338.472
6579941.391
5638004.138
5841491.224
5724286.922
4819345.891
4277348.858
5133817.645
3599132.721
3614991.558
3500217.878
4095486.402
3559103.166
2417599.713
3787373.687
2372792.736
3442964.19
3113151.266
1944142.2904628078
2366456.288844248
2270969.13885916
1945606.247734837
1850143.4564447731
1242335.7814569317
1418820.3490368056
1489804.9272131096
1416541.2679954357
1193071.7777026794
1389494.225247363
1405838.4972209577
1317230.1328945141
769844.4770336493
846578.7119165343
718349.0102621547
1181766.7322898915
803780.6022072418
1163268.7124996176
1067681.4177489318
1378099.334372226
1030417.5522628526
1003892.3208465778
993894.5079281633
1391703.5756402533
1014392.8911650789
1084581.2295683394
1078825.4374391125
1147645.3007884424
1375508.8105276285
1039362.1897504448
1403935.1068001713
1122757.2832715688
1257779.920249959
979307.309318061
1367601.2851487086
1234607.0794452764
1363219.2093719358
1473265.3494876015
1386309.0458344328
1165289.187446107
1207542.1929199756
1060184.0439794085
1109389.6018572892
1176703.9154692874
1415076.7940180043
1460043.461050405
1537998.741620126
1371920.0572418212
1544341.9774745733
1529681.8165687742
1216772.0324052372
1301623.5715479392
1447329.391671781
916446.4240258483
1262042.9245626547
1049553.5870463846
999502.0261565859
1189385.9168222188
1009560.5305821402
1344241.7350004537
1949546.524974638
1928340.6066896042
1746981.425678043
1844773.995174921
1359687.9210298078
1621830.5673878402
1523497.4228478498
1239629.0246575042
1191752.0974649412
1024768.5821882433
1263290.5560280425
1135670.383795298
1065258.7220827267
1084047.7573769002
907829.5603724612
710483.2847513849
678707.0750392021
824127.201848562
673080.3168735685
671727.4989066282
791101.3556335504
814555.3809029001
829319.1234204251
693054.8874748526
581043.9748267097
601503.9192092016
630621.9357884004
535427.4972071557
598054.7386767719
757635.9092761239
657656.3386004517
808555.4339433629
1455660.1955466715
890764.9177237061
750130.4778399001
737598.5737616586
607160.9652625334
680091.9471094288
643131.7904935158
514669.0237265307
409692.3917494516
328324.23677976
512549.8501024076
331022.8089361668
404471.5334800328
464096.56393293105
352746.76754435943
753613.2109412006
647992.5438370826
604287.2077516727
700697.8049249919
748372.3261714608
871650.9829094423
539287.0123891573
427895.39368202887
560865.509856019
611332.0349849565
1086324.4145457454
1126736.8106023092
814110.304185911
548278.8918488924
567182.7856736239
630239.7688842264
603928.946912792
788674.4093133126
611055.6030880855
623751.9790561
699150.2730486086
498875.8590383435
642332.4512307325
532222.1930284704
1010208.1805387323
984447.769672825
1260587.594072419
1070043.8827194257
867280.5210002918
987787.0151281364
742305.8390672456
1481779.5084117984
1539976.9194665872
1773848.2220522363
2310972.49025266
3044673.0359444814
2274103.488403472
2837066.2339209234
2290864.3161794003
2490661.8121845894
2779851.170082461
2445149.1854124456
2259718.0579072945
2439306.8531928593
2193469.3983729403
2728830.2596446746
2540670.1588441595
1976223.4315196797
2286374.138932851
2161123.0460210633
2233080.2204085435
2207092.7942256075
2018950.3612827882
1961295.1677264243
2517895.9631317058
2545406.2440751675
3041984.0967066986
3264566.892938994
3031495.7809800026
2887628.6901597744
2678020.6925229724
2332871.9927369603
2216971.5824677823
2434657.091687829
2443475.93344302
2796941.8415251295
2151545.373514979
2285769.4401671127
2438876.1669827197
2634764.8296125745
2593063.994616967
2127328.954295606
2010744.0906263469
2095070.9909121396
2117467.422174638
1750287.7755959635
2618916.130036542
2023666.5016764356
2601986.7065136894
2291412.762230477
2584858.71746731
2983304.7760065766
2776953.5119740446
2591575.4353710297
2421466.1227098587
2669808.3219296555
2316408.6983968555
2498188.1656785673
2179087.923236434
2543296.580554216
2536396.6285055266
2400308.7422589925
2465614.22831729
2412076.2898597573
2030157.3487473242
1843098.4913426733
2217163.1369592184
2165779.3198823063
2298283.715614054
2281706.457695464
2084440.0888417328
1759607.4367039683
1935031.1976448696
1862821.6564706485
1759996.7590094367
1553161.1644768706
1685213.7976458825
1709621.5840817995
1593258.5346949126
1862822.0753508247
1606939.5927873603
1719980.664364256
1891085.546386928
2196875.5516105993
1825420.494782282
1741324.834510185
1595677.3694257406
1370271.1773943207
1307248.0684045178
1345311.0504833271
1318268.5515047591
1164372.8968923923
1175397.0829146758
1096297.3422546678
956232.5498986796
930331.67480097
644193.6709349575
802858.7610894667
710852.3056372891
660122.5275311349
792201.8719120205
778876.9200663627
812010.0211473953
1020803.1017781008
973946.5301993707
1139187.7643656135
1331519.8623353879
1173434.8579111858
1140578.9784724433
1518053.2797795453
1647344.2064189455
1957080.3458556924
1420791.8920770795
1188836.2035563544
1104941.4559342805
1075323.5007134322
914486.3840456599
865173.2626026825
822569.0016720233
616011.3033297365
638444.1528517258
616111.3697088195
573122.0133814614
436414.3246549713
518284.3192336959
550572.2894498217
531308.1909319832
471187.6436328581
489050.1229685331
652483.8414205326
641610.2581657241
741248.6809700495
802152.6190111847
733072.6148665445
751405.3910278729
747551.1341187402
649398.4023899746
468399.63766894274
466300.05512627214
408215.2408997637
607422.2581443684
579444.4132891448
520337.66404805274
698465.664483798
829519.2003634991
717375.9200194604
799471.6703349027
734501.1860165817
590570.1760045276
873044.0145214453
1222279.1233425841
1147343.1604067497
1054907.6210354744
960542.9737416749
740002.6804321267
697027.5167045736
814323.7732791338
854027.4396666668
856290.9484106407
1165052.7202856226
2647667.6142588085
1205454.037666516
1172892.2953030227
1138237.4463362978
732064.7799405915
869547.5744943974
935240.2058133765
668293.108
538704.6213895915
557693.6495
553426.217
662329.352845238
581370.02
564735.3443459069
699603.940021978
444914.01520789
446833.3259756778
424063.96537769906
441952.13864285714
344038.8625952381
328565.7533881506
450579.928467136
357177.4008822829
279672.27443699626
337771.57090476196
316650.2494903782
303505.688534142
279142.5826369048
304774.09746507125
274063.5322380952
382584.7886476989
263509.134
309001.35516233766
261253.3620433071
354108.6021666667
450296.5993333333
664717.512294612
627381.0415075758
525470.136024173
379903.94600000005
401118.46959523804
326015.89759295265
320510.12905591243
307527.617552284
344564.69372105825
311505.20266187954
268421.1196156042
247218.22487300533
203463.42206484295
182683.11757446808
195956.51528571427
173848.82034365786
177640.29866666667
148353.3093333333
127777.76966666669
131736.48023809525
123583.44933333334
97180.16881824365
95654.57275000002
58776.870309523816
