0.0
0.0
0.0
0.0
0.0
0.0
0.0
0.0
0.0
0.0
0.0
0.0
0.0
0.0
0.0
0.0
0.0
0.0
0.0
0.0
0.0
0.0
0.0
0.0
0.0
0.0
0.0
0.0
0.0
0.0
0.0
0.0
0.0
0.0
0.0
0.0
0.0
0.0
0.0
0.0
0.0
0.0
0.0
0.0
0.0
0.0
0.0
0.0
0.0
0.0
0.0
0.0
0.0
0.0
0.0
0.0
0.0
0.0
0.0
0.0
0.0
0.0
0.0
0.0
0.0
0.0
0.0
0.0
0.0
0.0
0.0
0.0
0.0
0.0
0.0
0.0
0.0
0.0
0.0
0.0
0.0
0.0
0.0
0.0
0.0
0.0
0.0
0.0
0.0
0.0
0.0
0.0
0.0
0.0
0.0
0.0
0.0
0.0
0.0
0.0
0.0
0.0
0.0
0.0
0.0
0.0
0.0
0.0
0.0
0.0
0.0
0.0
0.0
0.0
0.0
0.0
0.0
0.0
0.0
0.0
0.0
0.0
0.0
0.0
0.0
0.0
0.0
0.0
0.0
0.0
0.0
0.0
0.0
0.0
0.0
0.0
0.0
0.0
0.0
0.0
0.0
0.0
0.0
0.0
0.0
0.0
0.0
0.0
0.0
0.0
0.0
0.0
0.0
0.0
0.0
0.0
0.0
0.0
0.0
0.0
0.0
0.0
0.0
0.0
0.0
0.0
0.0
0.0
0.0
0.0
0.0
0.0
0.0
0.0
0.0
0.0
0.0
0.0
0.0
0.0
0.0
0.0
0.0
0.0
0.0
0.0
0.0
0.0
0.0
0.0
0.0
0.0
0.0
0.0
0.0
0.0
0.0
0.0
0.0
0.0
0.0
0.0
0.0
0.0
0.0
0.0
0.0
0.0
0.0
0.0
0.0
0.0
0.0
0.0
0.0
0.0
0.0
0.0
0.0
0.0
0.0
0.0
0.0
0.0
0.0
0.0
0.0
0.0
0.0
0.003
0.0
0.0
0.0
0.0
0.0
0.0
0.0
0.0
0.0
0.0
0.0
0.0
0.0
0.0
0.0
0.001
0.0
0.0
0.0
0.0
0.0
0.001
0.001
0.0
0.0
0.0
0.0
0.002
0.002
0.0
0.001
0.001
0.0
0.001
0.0
0.0
0.001
0.0
0.0
0.01
0.001
0.0
0.002
0.0
0.0
0.0
0.003
0.0
0.001
0.001
0.001
0.0
0.0
0.001
0.001
0.007
0.011
0.002
0.006
0.001
0.001
0.001
0.001
0.005
0.002
0.001
0.006
0.015
0.018
0.056
0.115
0.429
0.108
0.06
0.03
0.017
0.016
0.018
0.053
0.186
0.148
0.24
0.202
0.228
0.211
0.256
0.066
0.048
0.196
0.118
0.087
0.27
0.176
0.339
0.233
0.109
0.188
0.312
0.189
0.12
0.244
0.211
0.202
0.411
0.183
0.302
0.059
0.199
0.338
0.596
0.251
0.283
0.228
0.24
0.323
0.997
0.521
0.363
0.583
0.505
0.473
0.498
0.681
0.58
0.598
0.55
0.721
0.398
0.901
0.48
0.34
1.157
0.773
1.84
1.798
38.601
2.888
2.31
31.426
0.988
1.491
1.036
2.202
2.625
33.91
252.046
16.781
2.61
3.228
3.052
3.911
2.985
3.323
4.488
2.863
4.525
17.595
7.385
2.783
2.793
2.563
1.972
3.756
6.716
11.605
3.499
4.768
4.317
18.945
6.709
5.275
15.789
35.665
5.454
6.607
21.578
16.213
16.621
8.702
8.056
10.343
5.974
6.102
5.307
6.515
6.895
8.81
7.864
6.661
5.93
6.974
5.568
6.072
6.116
4.965
6.887
6.528
12.157
12.983
7.999
6.561
8.13
6.387
8.517
8.017
11.32
9.241
8.611
7.673
6.953
7.177
8.86
8.805
9.9
10.248
12.331
7.57
9.883
10.806
11.432
7.396
9.286
9.071
10.533
13.273
8.798
7.985
14.504
9.232
9.488
11.544
9.582
8.141
13.685
10.825
10.116
9.824
8.929
10.522
14.434
12.215
16.9
14.641
15.6
17.564
19.278
20.815
25.599
33.626
