0.001
1.0
1.0
1.0
1.0
1.0
1.0
1.0
1.0
1.0
1.0
1.0
1.0
1.0
1.0
1.0
1.0
1.0
1.0
1.0
1.0
1.0
1.0
1.0
1.0
1.0
1.0
1.0
1.0
1.0
1.0
1.0
1.0
1.0
1.0
1.0
1.0
1.0
1.0
1.0
1.0
1.0
1.0
1.0
1.0
1.0
1.0
1.0
1.0
1.0
1.0
1.0
1.0
1.0
1.0
1.0
1.0
1.0
1.0
1.0
1.0
1.0
1.0
1.0
1.0
1.0
1.0
1.0
1.0
1.0
1.0
1.0
1.0
1.0
1.0
1.0
1.0
1.0
1.0
1.0
1.002
1.004
1.015
1.005
1.007
1.008
1.008
1.016
1.001
1.001
1.002
1.0
1.001
1.0
1.0
1.0
1.022
1.0
1.08
1.0
1.097
1.0
1.0
1.0
1.0
1.0
1.0
1.0
1.0
1.0
1.0
1.0
1.0
1.0
1.0
1.0
1.0
1.0
1.0
1.0
1.0
1.14
1.234
1.605
1.878
1.552
1.574
1.393
1.984
1.907
2.136
2.791
2.693
2.594
3.713
1.323
2.194
2.589
2.064
3.05
3.618
3.578
3.48
2.061
2.221
3.998
2.467
2.164
2.215
2.449
2.668
1.803
2.043
1.897
1.911
2.326
1.935
1.95
2.396
2.366
2.236
2.233
2.124
2.431
3.014
3.575
4.089
8.223
6.758
6.38
6.264
6.865
7.946
7.015
9.878
5.2
8.867
7.454
7.251
9.38
8.436
6.193
6.789
6.614
4.823
4.455
4.113
4.878
5.895
4.76
5.058
6.078
5.371
6.327
5.369
5.246
5.755
4.357
4.515
4.418
5.072
4.874
4.46
5.145
5.211
5.911
4.267
5.152
4.627
4.643
4.359
4.509
4.48
4.146
4.314
2.843
4.017
3.123
4.223
4.257
3.347
3.629
3.369
3.088
2.722
2.134
2.522
4.423
3.273
3.274
2.536
3.396
6.223
7.189
9.64
6.284
5.991
5.382
7.754
6.43
4.258
3.698
3.964
4.928
4.088
4.792
4.097
3.486
2.959
5.943
4.107
5.565
5.012
4.787
4.225
5.701
7.16
4.579
6.039
4.423
6.276
9.11
5.971
9.073
8.791
9.444
9.168
14.973
14.892
15.919
12.858
13.418
10.308
16.142
17.598
19.909
15.709
18.205
22.634
20.55
19.487
17.747
13.33
14.485
18.176
20.287
18.013
16.936
15.31
13.982
7.902
8.395
11.793
9.623
8.053
8.11
13.461
8.245
9.377
9.899
6.333
13.012
10.39
11.204
7.007
11.881
9.509
9.642
9.092
9.417
8.757
10.394
14.257
11.211
13.273
13.007
12.068
12.1
9.912
7.739
9.969
11.227
9.231
10.057
8.253
10.984
10.649
13.626
9.796
10.651
10.544
7.045
7.952
8.017
6.072
7.373
9.482
5.186
6.639
6.502
9.32
6.496
8.518
5.744
3.628
5.186
3.968
4.93
5.311
6.954
6.593
6.134
5.424
5.0
5.004
3.524
4.593
4.49
4.422
4.13
5.265
3.894
2.784
3.948
6.472
5.912
4.77
5.69
5.224
3.276
5.657
5.836
3.987
5.078
3.561
3.48
3.261
4.784
2.995
2.855
3.389
3.17
3.666
3.354
3.54
2.936
4.076
3.841
3.588
3.364
3.72
4.991
2.511
2.503
1.797
2.229
1.791
2.74
1.968
1.882
1.889
1.525
1.804
1.707
1.417
1.474
1.857
1.269
1.315
1.419
1.268
1.141
1.488
1.395
2.21
2.016
1.065
1.707
1.474
1.671
1.734
1.545
1.253
1.272
1.604
1.244
1.031
1.328
1.032
1.063
1.136
1.053
1.959
1.508
1.242
2.395
1.533
1.489
1.734
2.328
3.435
3.084
2.789
2.86
3.291
2.124
1.69
2.281
2.164
2.299
1.228
1.415
1.375
1.253
1.269
1.646
1.386
1.419
1.278
1.793
2.286
2.46
1.997
2.271
2.221
2.054
1.588
2.062
1.443
1.422
1.47
1.374
1.374
1.669
1.668
1.402
1.569
1.675
2.085
