4.8722272017963184e-11
0.15325124567250958
0.2573818025039377
0.20103664373638658
0.2090823696075103
0.22006559344517898
0.1500250829111894
0.1403248932099517
0.2013833754320113
0.1745530761704185
0.16347576160713606
0.2002130355567992
0.18094715034536193
0.21590102606632924
0.226323364503697
0.17048590689194543
0.20685712709290538
0.18286722439519695
0.19832152235251965
0.16022335399242515
0.15413541970622674
0.13778472352419446
0.09249400020761872
0.2499173455317437
0.1515127388702287
0.14952631536878738
0.20048251503267625
0.21425572795238276
0.3047420902116556
0.2765490337585297
0.28220746069960945
0.5978735941465179
0.49694030364604225
0.3617286270587789
0.6509444690802383
0.36327641165825303
0.44126596920875116
0.5053983064001668
0.5194298191743877
0.6263344315007855
0.5829385688368088
0.5913129913753262
0.5837063168997997
0.6812928697815324
0.5473510959337499
0.4359337671067866
0.4574160547773666
0.5649263118014108
0.5479101064778039
0.5554845287991881
0.7842535939438174
0.8300169663502
1.0957149712345366
0.6103004886824339
0.6464862713445231
0.5091704038937513
0.40834701762217057
0.4641306547622841
0.6403815421816612
0.6204713570670619
0.519584178848325
0.7388418947216561
0.598731583077425
0.7886066405293819
0.53217942292421
0.751303226339429
1.573125084659056
2.148755191725882
3.3408804309197024
1.5920667257947099
0.7600049543195697
1.1633398127772518
0.6669048051802295
0.8365129624205888
0.8138949577057064
1.1172998121073143
0.7504002082523243
0.6976033610853329
0.8450911789693935
0.6865130102718805
0.7717641768033684
0.8264416098371775
1.068401529788371
1.4037791961952644
1.5247332916080785
0.6427757122893716
0.9259028960753491
0.9281929336526378
1.029453170695766
0.7001892510607197
0.6835502486010387
0.7441847806261023
0.7783767272740905
8.55208913938458
5.45449498427556
0.8659377472547414
0.8781493332045678
0.784120075255945
1.0124084945157557
1.0588699339893108
0.8764370137493849
1.3865409199312686
1.9162332357912357
2.270498042838762
1.5910605533208073
1.5687753468413517
2.111946162665498
1.1583176957721526
3.4850792061066755
3.4012640105067273
3.4269895419722958
3.124999595493334
5.2829706514569645
2.968789171261543
5.941756006736373
5.743417492927456
4.553218653203028
3.336929135737171
4.081956896316969
3.64359253329564
4.227827632167865
5.46619640790691
6.088855935474979
5.127916571737495
4.817585897323605
6.1259588975815475
6.707625728754965
7.605076751869407
8.352032688350189
9.979712328841522
15.026174058572707
19.189201785583165
17.835689953908897
15.468395328957387
16.522646054256608
12.087197410392664
13.820219288378302
12.679728774775437
11.83770312165753
11.963511768539718
12.074078485648071
13.387703352994524
10.845471679974423
9.045746811688714
8.211572796986074
14.324848493108242
9.458441495041455
8.750991145143843
8.065184045624052
11.420635897654682
9.812151707083272
8.221436193234265
7.699464118568124
9.173164626888115
7.508666261003501
7.628840591796776
9.271295148742983
8.979654902275895
7.91209305410315
7.4505522088969185
8.613827491469385
9.612536379623839
9.224597250355814
10.271836582800972
8.879023097091679
7.680990007577916
8.145404249283034
12.122345463813017
11.216537890895657
10.826554737545843
8.39614827498558
8.13679094003234
10.878675023531006
8.304835565646446
8.894532369713646
8.046495136414098
10.044083933918813
9.740575894654352
13.73495992456603
19.383938099991745
18.642787175327758
31.145013392163484
46.28992965247971
38.15135041726977
46.01699364104564
74.38416819665926
44.990196592435744
44.76944349405696
33.67577788062416
45.13075731342495
48.477038948398686
40.386419754879455
76.27507800004054
47.64514313680725
52.4645805238813
65.66972524720524
44.543725992896555
46.45449796587749
49.78981109000881
42.08356871745015
47.202484514320396
38.290042168828336
44.439357075110884
51.88921655027439
45.29512123038204
58.6292449886163
40.732959008190356
44.96792240916975
38.34150073734229
54.56056083127905
39.583418318374065
37.38538433791711
71.75109150581544
65.26768346713034
50.871045616940826
47.59113802982508
65.76037365244923
106.08974441119848
73.81317511704019
69.28410584365442
96.37983904462195
91.03756284480578
74.15752131281211
83.09877982587166
93.16617439230629
81.68340907286627
92.22485359092607
47.76415372808479
62.87361559537329
76.95008015903093
88.0093368539086
105.63620811025574
76.73106856790223
73.32810736580016
66.71187965496962
81.95891855057845
80.4241522004169
84.20206907049285
65.1875232212091
66.84276059596516
71.03344831463181
57.292974041484705
50.00261482406819
61.323665273612754
65.21944995106468
56.17627619449789
64.43630088403006
70.58517607396834
40.85656314310099
55.424127318263785
63.62009909789426
69.91597884823271
52.71756475216005
85.6830364864735
65.16079061528326
73.09634124438905
69.63879758200588
63.070031482789005
55.19629257810738
70.62224624344168
62.59906130877629
53.655159254713226
75.8874381350397
60.35858274910542
63.218262061023374
69.49713358480996
69.1201526083669
48.19649991369125
45.072090787675236
72.19878314726388
68.98922416211346
108.08489991624828
133.55696494747494
115.19698647604311
85.61503963903502
71.91017025412873
74.04146417808604
69.39896428837838
53.38545088611846
67.26972083232167
67.95360301721512
69.82455820276127
76.00325787822553
72.02501092904838
83.9743734914635
82.14988510770208
75.15370397560015
68.76692080362062
79.59515391030831
88.07678801134107
71.76085710003771
72.39910997755256
85.7103901034758
82.45526947084431
61.516065207490215
72.8791832311617
76.31362645002937
73.96331258829122
77.50047545001458
74.24455070862132
67.72101459113054
62.38513113943785
54.87494913307512
81.43322274346596
60.06518928753114
63.738144466565174
55.66387008234591
59.054875437602945
54.77181465001777
70.63524344224153
57.12447174784387
56.09617894814492
66.64271688582404
51.05571272385122
57.20962749226725
58.00207195764345
69.45837644143305
62.31342840948494
73.91968932284347
63.00134206334922
70.12998478895744
78.00126886178192
64.00663775803862
63.27608082164045
119.37168941718193
65.12604992157146
64.3076163821361
84.10848104371298
79.89693787918905
94.38693179524999
125.69447135270306
100.01189774673185
80.96194411192117
109.78563271192603
83.30544839800609
113.83845526079918
81.07676357408818
80.3079374399595
86.98831415953194
111.87612984704076
131.66668024356946
87.65672312181508
96.59276228124293
100.7589814479997
107.92124815713282
89.41684327493786
118.52836413215282
96.20912505078634
93.34944842604112
114.15842884901252
92.5095208799064
124.54179621755753
103.67912660333404
107.56016260699933
103.67613164486524
125.43982137930695
124.19236406737369
90.92771603477821
152.77979739898117
118.66478644973317
125.32562193277771
100.19359501121669
168.68490436044104
120.63429566682244
138.9073937252732
298.8496017183185
147.27198552567094
108.7248594823849
146.11539987064958
155.69626902117716
96.56820127323934
93.85770289234243
105.33097385694434
120.52871867320991
118.28028336883776
209.50205351270895
134.71868353173167
120.3807605772785
121.29891542924287
115.92797946891166
118.88038230690726
141.61160932652447
172.1364045367366
171.19224903039787
134.61551395963892
146.2852042957231
143.59769322316902
186.24731899373631
242.28479836777416
227.86505512500025
236.36493046321021
153.42669796811234
140.95204864027252
180.0935426170089
222.00406563719494
221.8406053638253
239.2160732050569
249.408443556384
315.0572041346576
205.484325518311
291.3930092857269
328.5836429182043
232.50490142844987
188.39684366985512
213.51611758656378
235.70546282438517
253.58132795246757
229.0938731868305
239.43888478815194
248.43231545846305
257.71132247785266
225.42882955434564
330.79837170423946
321.0595264544134
346.24162341270875
302.7634338736889
296.5709427184817
425.78717992099223
384.9905226242947
339.3739721757754
288.99427581086684
287.6053814340579
299.37999884332237
452.9259804621521
327.27413909996653
388.51409898633983
385.7177135973969
289.04519069779104
288.62152875650696
333.36237401471317
284.23834406027953
401.50419987953796
413.3086657062414
375.5269762282238
421.44188763788793
363.7068768595626
480.57542031723904
446.5232020107007
489.09935428343806
423.9246981023804
600.6823030352881
609.8576321387588
576.0906771431652
588.7001318018791
629.9279013508882
683.3734744420605
615.5013002315274
559.4011247905898
584.8207859430488
449.11753311830256
561.3849638514351
623.7260327713527
838.4927702315391
631.5649690483018
796.194941474938
795.3175481314505
784.5736858171545
735.7891267357708
573.9015073192851
566.446566485773
629.7774971292449
649.6977718069533
574.1345254259389
666.2548767167386
826.9431379756834
690.5767159128912
930.2693611353925
888.5636087750393
890.4562976577722
866.3443899672445
830.7973531608942
787.0059798760649
722.9151401156558
661.9854080278371
454.5214640884216
441.7199079003977
567.7603165491217
699.9230499963966
545.5291524771883
